
event_id measure beat division total_units
-------- ------- ---- -------- -----------
       1       0    1        0           0
       5       1    1        0           2
      12       2    1        0           8
      19       3    1        0          14
      26       4    1        0          20
      31       5    1        0          26
      38       6    1        0          32
      45       7    1        0          38
      54       8    1        0          44
      58       8    3        0          48
      62       9    1        0          50
      69      10    1        0          56
      76      11    1        0          62
      83      12    1        0          68
      88      13    1        0          74
      95      14    1        0          80
     101      15    1        0          86
     104      16    1        0          92
     107      16    3        0          96



